-3.286853366009460586e+01 -3.286652032107056698e+01 -3.286147778074030157e+01 -3.285578175582254090e+01 -3.285196546856110444e+01 -3.285138922286441243e+01 -3.285420073133460050e+01 -3.285951582080282662e+01 -3.286507668830905970e+01 -3.286830068480472278e+01 -3.286761597043958716e+01 -3.286336502310022922e+01 -3.285758344875556958e+01 -3.285291211222649110e+01 -3.285119604757927192e+01
-3.286126454334115721e+01 -3.286238394989742773e+01 -3.286120602777889133e+01 -3.285677089721208688e+01 -3.285010002505366344e+01 -3.284550042753959076e+01 -3.284588895104900530e+01 -3.285017968485706774e+01 -3.285589207026956160e+01 -3.286035668907548057e+01 -3.286224984229677659e+01 -3.286190827514447221e+01 -3.285863468981489888e+01 -3.285233621173102847e+01 -3.284653436618992117e+01
-3.284308390094407315e+01 -3.284802134664394657e+01 -3.285525047296026457e+01 -3.285855095086029110e+01 -3.285233822719693819e+01 -3.283995976303235409e+01 -3.283141416980950567e+01 -3.283222237465565740e+01 -3.283749704498330857e+01 -3.284187315100979276e+01 -3.284602477221482530e+01 -3.285286442108294835e+01 -3.285837387277577193e+01 -3.285546860732599583e+01 -3.284418993349390803e+01
-3.282304905179567101e+01 -3.282890223987737954e+01 -3.284422796372270881e+01 -3.285984340053531128e+01 -3.286250865806286470e+01 -3.284885637030415495e+01 -3.282834163696147556e+01 -3.281662178193522550e+01 -3.281836765712379389e+01 -3.282219413110471606e+01 -3.282596741496188031e+01 -3.283834941950534869e+01 -3.285554428671112248e+01 -3.286354524049950498e+01 -3.285486648687975020e+01
-3.281017943882986998e+01 -3.281249139469552745e+01 -3.282828851691049010e+01 -3.285302038889118137e+01 -3.286858189148676246e+01 -3.286369525817423920e+01 -3.284131330327543452e+01 -3.281693435339629161e+01 -3.280772141218719895e+01 -3.280980297915361632e+01 -3.281085410090963705e+01 -3.282123623074981822e+01 -3.284492282999509882e+01 -3.286536898045885380e+01 -3.286772745912218596e+01
-3.280829195102757012e+01 -3.280684819477546910e+01 -3.281408324347859917e+01 -3.283783630962999212e+01 -3.286223214355393907e+01 -3.287025522181389192e+01 -3.285663523674423914e+01 -3.283091417428295244e+01 -3.281162239762078059e+01 -3.280821574511894312e+01 -3.280734160632555785e+01 -3.280960211050221886e+01 -3.282883604690311330e+01 -3.285524608683242320e+01 -3.287003939142636000e+01
-3.281764999497895730e+01 -3.281482193110979040e+01 -3.281272141330902059e+01 -3.282432779376057397e+01 -3.284692548833033499e+01 -3.286367777125476408e+01 -3.286297270793514969e+01 -3.284628786688183766e+01 -3.282696880558951591e+01 -3.281845217017529848e+01 -3.281607704461909947e+01 -3.281253278039048382e+01 -3.281856198004005876e+01 -3.283919483063269240e+01 -3.285969083062453677e+01
-3.283609696102877251e+01 -3.283235426703851090e+01 -3.282724445185273510e+01 -3.282621292108287037e+01 -3.283621376337740116e+01 -3.285134862237995890e+01 -3.285951277500021206e+01 -3.285550731785852463e+01 -3.284500352152455349e+01 -3.283747881414778647e+01 -3.283374458843590560e+01 -3.282894336357933440e+01 -3.282549983201082711e+01 -3.283173225178813937e+01 -3.284652772869293358e+01
-3.285604371813677460e+01 -3.285216463020879019e+01 -3.284666067801984468e+01 -3.284186999626475512e+01 -3.284132543306215268e+01 -3.284697195216055832e+01 -3.285496438816166176e+01 -3.285939893440095005e+01 -3.285912957906471377e+01 -3.285695257900896138e+01 -3.285368617009071102e+01 -3.284856906016898392e+01 -3.284318151673744524e+01 -3.284081882467448565e+01 -3.284452008265992617e+01
-3.286769423142910540e+01 -3.286499269535966761e+01 -3.285955149215401860e+01 -3.285405841429025031e+01 -3.285084475937932780e+01 -3.285101720943805503e+01 -3.285473622113556758e+01 -3.286041651189611912e+01 -3.286540105643020127e+01 -3.286772915713972054e+01 -3.286629923961447730e+01 -3.286151607949798858e+01 -3.285572443893934036e+01 -3.285157495263030114e+01 -3.285054822726833379e+01
-3.286522399349186685e+01 -3.286512242386989158e+01 -3.286211480123866124e+01 -3.285672706796725606e+01 -3.285106129486558757e+01 -3.284838571193553491e+01 -3.284987556566554900e+01 -3.285447830648550394e+01 -3.286027047416998670e+01 -3.286451702987733370e+01 -3.286550330614186777e+01 -3.286341885886164249e+01 -3.285870794378566018e+01 -3.285276500176782122e+01 -3.284880678979165936e+01
-3.284986370639403219e+01 -3.285363945608639114e+01 -3.285773089658387391e+01 -3.285765189698631872e+01 -3.285039493062326699e+01 -3.284049574713615982e+01 -3.283593665919325133e+01 -3.283869442092709079e+01 -3.284419015613729442e+01 -3.284868595372921618e+01 -3.285226237318370579e+01 -3.285654434986000894e+01 -3.285846100942506354e+01 -3.285348769268157554e+01 -3.284355822831145844e+01
-3.282929781244488510e+01 -3.283539151524013278e+01 -3.284855052817535892e+01 -3.285999956227147578e+01 -3.285890285333609739e+01 -3.284443595114086634e+01 -3.282721878647758729e+01 -3.282055577451843931e+01 -3.282423029677410398e+01 -3.282826418799614032e+01 -3.283254403803303489e+01 -3.284370809512894596e+01 -3.285717737769518720e+01 -3.286097991322872502e+01 -3.285027009784599272e+01
-3.281331703767290264e+01 -3.281712205539068350e+01 -3.283389454308223776e+01 -3.285644123677344908e+01 -3.286774362619706835e+01 -3.285909008914518381e+01 -3.283595772905650279e+01 -3.281479183506788644e+01 -3.280982346975577002e+01 -3.281282231985942133e+01 -3.281482932232944449e+01 -3.282683698676888184e+01 -3.284940060464172973e+01 -3.286603776477558370e+01 -3.286414778684791571e+01
-3.280766358843103347e+01 -3.280718031924260458e+01 -3.281793830242548893e+01 -3.284338426007385436e+01 -3.286577148499151235e+01 -3.286954584973354088e+01 -3.285214608795377700e+01 -3.282550367194676255e+01 -3.280868336584168787e+01 -3.280744563551888149e+01 -3.280705351648921209e+01 -3.281221512258234441e+01 -3.283424495137660415e+01 -3.285981363247495324e+01 -3.287083799045633725e+01
